Chromosome Arm	X1033	X1087.1	X1210	X1211.2	X1212	X1333.4	X1343.2	X1352.1	X1379	X1382.2	X1410	X1412	X1413	X1448.2	X1484	X1498	X1512.6	X1528.7	X1533.1	X1533.10	X1533.13	X1541.4	X195	X2259.1	X2297	X2307	X2335	X2380	X2505	X2541.1	X2542	X2571.2	X259	X2691	X2816	X2817	X2821	X3031	X3046	X3161	X338	X3395	X3554	X407	X413	X447B	X448	X506	X518	X813.1	X824.1	X848	X877	X908	X910	X924.1	X943
1p	0.000	0.000	0.000	0.000	0.000	0.000	-0.383	0.000	0.333	0.126	0.000	0.000	0.000	0.000	0.000	0.116	0.000	-0.161	0.000	0.000	0.000	0.000	0.000	0.000	0.000	0.000	0.000	0.000	0.148	0.000	0.262	0.379	0.000	0.000	0.000	0.000	0.478	0.000	0.152	0.000	0.000	-0.183	0.000	0.000	0.000	0.492	0.000	0.000	0.000	0.000	-0.435	0.144	0.000	0.000	0.456	0.000	0.000
1q	0.000	0.000	0.000	0.209	0.000	0.000	0.000	0.793	0.333	0.126	0.000	0.000	0.000	0.000	0.647	0.116	0.000	0.000	0.000	0.000	0.000	0.000	0.000	0.540	0.000	0.000	0.000	0.662	0.148	0.000	0.262	0.863	0.000	0.000	0.000	0.000	0.478	0.597	0.000	0.000	0.000	0.291	0.000	0.000	0.000	0.000	0.000	0.551	0.116	0.000	-0.084	0.144	0.000	0.000	0.456	0.000	0.000
2p	0.000	0.000	0.000	0.000	0.000	0.000	0.000	0.000	0.000	0.346	0.000	0.000	0.000	0.000	0.000	-0.011	0.000	0.000	0.000	0.000	0.000	0.000	0.122	0.000	0.000	0.000	0.000	0.141	0.392	0.000	0.000	0.316	0.000	0.000	0.000	0.000	0.000	-0.627	0.000	0.000	0.000	0.410	0.000	0.000	0.001	0.116	0.000	0.000	0.000	0.000	0.000	0.657	0.372	0.000	-0.155	0.000	-0.165
2q	0.000	0.000	0.000	-0.117	0.000	0.000	0.000	0.000	0.000	0.239	0.000	0.000	0.000	-0.105	0.000	-0.693	0.000	0.000	0.000	0.000	0.000	0.000	0.011	0.000	0.000	0.000	0.000	0.000	0.392	0.000	-0.364	-0.114	0.000	0.000	0.000	0.000	0.000	-0.627	0.000	0.000	0.000	0.000	0.000	0.000	-0.588	0.000	0.000	0.000	0.000	0.000	0.000	0.185	0.000	0.000	-0.155	0.000	-0.165
3p	0.219	-0.130	0.000	-0.241	0.000	0.000	-0.393	0.000	0.000	-0.153	0.000	0.000	0.000	0.000	-0.229	0.000	-0.132	0.311	0.000	-0.521	-0.131	-0.083	0.286	0.474	0.000	0.000	0.000	0.000	-0.150	-0.190	0.507	0.290	0.000	0.000	0.000	0.000	0.000	-0.619	0.313	0.000	0.000	0.000	0.000	0.000	0.000	0.000	0.000	0.000	0.000	0.000	0.000	0.011	0.000	0.000	0.701	0.000	0.208
3q	0.219	0.000	0.000	0.000	0.000	0.000	-0.393	0.000	0.000	0.160	0.000	0.000	0.000	0.000	0.564	0.000	0.108	0.311	-0.607	-0.521	-0.379	0.223	0.286	0.474	0.000	0.000	0.000	0.000	-0.150	0.000	0.507	0.290	0.000	0.000	0.000	0.000	0.000	0.000	0.313	0.000	0.000	0.000	0.000	0.000	0.000	0.000	0.000	0.000	0.000	0.000	0.000	-0.316	0.000	0.000	0.407	0.000	0.208
4p	0.000	-0.368	0.000	0.000	0.000	0.000	-0.385	0.000	0.000	-0.108	-0.511	0.000	0.000	0.000	-0.135	0.000	-0.208	-0.236	0.000	0.000	0.000	-0.216	-0.185	0.000	0.000	0.000	0.000	0.245	-0.314	0.358	0.000	-0.259	0.000	0.000	0.000	-0.105	0.000	0.000	-0.107	0.000	0.000	-0.279	0.000	0.000	-0.286	0.000	0.000	0.000	-0.123	0.000	0.000	-0.251	-0.140	0.000	-0.172	0.000	0.000
4q	0.000	-0.368	0.000	-0.278	0.000	0.000	-0.385	0.000	0.000	-0.108	-0.511	0.000	0.000	0.000	-0.457	0.531	-0.208	-0.236	0.000	0.000	0.000	0.000	-0.185	0.000	0.000	0.000	0.000	0.000	-0.548	-0.274	0.000	0.000	0.000	0.000	0.000	-0.105	0.000	0.000	-0.107	0.000	0.000	-0.279	0.000	0.000	0.000	0.000	0.000	0.000	-0.123	0.000	0.000	-0.251	-0.140	0.000	-0.172	0.000	0.000
5p	0.000	0.000	0.000	0.230	0.000	0.000	-0.136	0.000	0.000	0.000	0.005	0.000	0.000	0.000	1.574	0.000	0.000	0.000	0.000	0.000	0.000	0.241	0.355	0.000	0.000	0.000	0.000	0.000	0.271	0.000	0.132	0.922	-0.140	0.000	0.000	0.000	1.291	0.710	0.506	0.000	0.000	0.566	0.000	-0.131	0.689	0.937	0.000	0.000	0.000	0.000	-0.342	-0.226	0.000	0.000	0.873	0.000	0.136
5q	-0.182	0.000	0.000	-0.173	0.000	0.000	-0.431	0.000	0.000	-0.181	-0.499	0.000	0.000	0.000	0.000	0.000	0.000	-0.209	0.000	0.000	0.000	0.241	0.000	0.000	0.000	0.000	0.000	0.000	-0.297	0.000	0.014	0.000	-0.140	0.000	0.000	0.000	0.000	0.000	-0.300	0.000	0.000	-0.152	0.000	-0.131	-0.570	0.000	0.000	0.000	0.000	0.000	-0.342	-0.226	0.000	0.000	-0.122	0.000	0.136
6p	0.000	0.000	0.000	0.000	0.000	0.000	0.186	0.000	0.000	-0.205	0.000	0.000	0.000	0.115	0.400	-0.695	0.000	0.000	0.000	0.000	0.000	0.000	0.159	0.000	0.000	0.000	0.000	-0.579	1.310	0.000	-0.180	0.961	0.000	0.000	0.000	0.000	0.000	0.000	0.000	0.000	0.000	0.000	0.000	0.149	0.117	0.383	0.000	0.000	0.116	0.000	0.000	0.000	0.244	0.000	0.177	0.000	0.000
6q	-0.149	0.000	0.000	-0.236	0.000	0.000	0.186	0.000	0.000	-0.205	0.000	0.000	0.000	-0.113	-0.214	-0.695	-0.169	0.000	0.000	0.000	0.000	0.000	-0.134	0.000	0.000	0.000	0.000	0.000	-0.268	0.000	-0.180	-0.126	0.000	0.000	0.000	0.000	0.000	0.000	-0.104	0.000	0.000	-0.334	0.000	0.000	-0.422	0.000	0.000	0.000	0.116	0.000	-0.274	0.000	0.115	0.000	-0.184	0.000	0.000
7p	0.000	0.000	0.867	0.000	0.000	0.000	0.000	0.000	0.000	0.229	0.000	0.000	0.000	0.000	0.520	0.000	0.000	0.273	0.000	0.000	0.000	0.000	0.127	0.000	0.000	0.000	0.000	-0.466	0.000	0.438	0.146	0.000	0.296	0.000	0.000	0.000	0.000	0.000	0.152	0.000	0.000	0.225	0.000	0.000	0.000	0.000	0.000	0.165	0.000	0.000	0.000	0.552	0.240	0.000	-0.129	0.000	0.256
7q	0.000	0.000	0.867	0.183	0.000	0.000	0.000	0.000	0.000	0.229	0.000	0.000	0.000	0.000	0.520	0.000	-0.168	0.273	0.000	0.000	0.000	0.000	0.127	0.000	0.000	0.000	0.000	0.135	-0.306	0.438	0.146	0.000	0.296	0.000	0.000	0.000	0.000	0.000	0.152	0.000	0.000	0.000	0.000	0.000	0.000	0.167	0.000	0.165	0.000	0.000	0.000	0.000	0.240	0.000	-0.129	0.000	0.256
8p	-0.193	-0.324	0.000	-0.351	0.000	0.000	-0.052	0.000	0.000	-0.579	0.000	0.000	0.000	0.000	0.268	0.000	-0.117	-0.115	0.596	0.463	0.000	-0.277	-0.243	0.000	0.000	0.000	0.000	0.000	-0.449	-0.373	0.000	-0.346	-0.142	0.000	0.000	0.000	0.000	-0.630	0.355	0.000	0.000	-0.265	0.000	-0.650	0.000	-0.244	-0.544	-0.544	0.000	0.000	0.000	-0.230	-0.431	0.000	0.655	0.000	-0.414
8q	0.000	-0.041	0.000	0.014	0.000	0.000	0.809	0.000	0.000	0.575	0.000	0.000	0.000	0.000	0.268	0.000	0.172	-0.115	0.596	0.463	0.000	0.475	0.181	0.000	0.000	0.000	0.000	0.000	0.000	0.000	0.166	0.000	0.000	0.000	0.000	0.000	0.000	-0.630	0.524	0.000	0.000	0.108	0.000	0.502	0.000	0.086	0.867	-0.544	0.265	0.000	0.000	-0.230	-0.431	0.000	0.655	0.000	0.687
9p	0.000	0.000	-0.619	0.229	-0.103	-0.642	0.000	0.000	0.000	-0.297	0.000	0.000	0.000	-0.118	-0.206	-0.714	-0.187	-0.197	0.000	0.000	-0.564	-0.265	0.155	0.000	0.000	-0.526	0.000	-0.685	0.613	0.000	0.000	-0.155	0.000	0.000	-0.631	0.000	0.000	-0.734	-0.341	-0.130	0.000	-0.171	0.000	0.000	0.000	-0.220	0.000	-0.559	-0.381	-0.116	-0.707	-0.152	-0.250	0.000	0.232	0.000	-0.211
9q	0.000	-0.277	-0.619	0.229	0.000	-0.642	-0.341	0.000	0.000	-0.297	-0.473	0.000	0.000	-0.118	0.000	0.000	0.000	-0.197	-0.621	-0.466	-0.564	-0.265	0.155	0.000	0.000	-0.526	0.000	-0.685	-0.218	0.000	0.000	0.172	0.000	0.000	-0.631	0.000	0.000	-0.631	-0.341	-0.130	0.000	-0.171	0.000	-0.485	0.000	0.000	0.000	-0.559	-0.381	-0.116	-0.707	0.000	-0.250	-0.452	0.482	0.000	-0.211
10p	0.000	0.000	0.000	0.000	0.000	0.000	-0.073	0.000	0.000	0.262	0.000	0.000	0.000	0.000	0.000	0.000	0.196	0.000	0.000	0.000	0.000	0.193	0.296	0.000	0.000	0.000	0.000	-0.406	1.240	0.241	0.454	0.259	-0.214	0.000	0.000	0.000	0.000	0.000	0.000	0.000	0.000	0.312	0.000	0.000	-0.591	-0.038	0.000	0.000	0.000	0.000	0.000	0.299	0.623	0.000	0.000	0.000	-0.210
10q	0.000	0.000	0.000	-0.264	0.000	0.000	-0.414	0.000	0.000	-0.286	0.000	0.000	0.000	0.000	0.000	-0.697	-0.135	0.000	0.000	0.000	0.000	-0.166	0.000	0.000	0.000	0.000	0.000	0.000	-0.238	0.045	0.000	-0.376	0.000	0.000	0.000	0.000	0.000	0.000	-0.378	0.000	0.000	0.312	0.000	0.000	-0.591	0.129	0.000	0.000	0.000	0.000	0.000	-0.418	0.623	0.000	-0.613	0.000	-0.210
11p	-0.110	0.000	-0.675	-0.275	0.000	0.000	0.000	0.000	0.000	-0.162	0.000	0.000	0.000	0.000	0.000	-0.717	0.174	-0.205	-0.722	-0.422	-0.469	-0.025	0.101	-0.559	0.000	-0.543	0.000	0.000	0.000	-0.259	0.176	0.206	0.000	0.000	-0.394	0.000	0.000	-0.666	-0.143	0.000	0.000	0.000	0.000	-0.589	0.000	0.000	0.000	-0.593	-0.454	0.000	-0.705	-0.337	-0.292	0.000	0.277	0.000	-0.276
11q	-0.110	0.203	-0.201	-0.266	0.000	0.000	0.000	0.000	0.000	-0.162	0.000	0.000	0.000	0.000	0.000	-0.717	0.174	-0.205	-0.348	0.119	0.153	-0.025	0.101	0.000	0.000	-0.543	0.000	-0.159	0.000	0.245	0.176	0.000	-0.144	0.000	0.000	0.000	0.000	-0.666	-0.143	0.000	0.000	0.000	0.000	-0.589	0.000	0.000	0.000	0.000	-0.153	0.000	-0.705	-0.337	-0.292	0.000	-0.118	0.000	0.000
12p	0.000	0.000	0.000	0.000	0.000	0.000	0.000	0.000	0.000	0.000	0.000	0.000	0.000	0.000	-0.438	0.000	0.000	-0.159	0.000	0.000	0.000	0.000	0.000	0.000	0.000	0.000	0.000	-0.154	0.290	0.262	-0.111	0.284	0.000	0.000	0.000	0.000	0.000	0.000	0.000	0.000	0.000	0.000	0.000	0.200	0.000	0.000	0.000	0.000	-0.363	0.000	0.000	0.245	-0.012	0.000	0.467	0.000	0.183
12q	0.000	0.000	0.000	-0.120	0.000	0.000	0.000	0.000	0.000	0.000	0.000	0.000	0.000	0.000	0.000	0.000	0.000	-0.159	-0.110	0.000	0.000	0.000	0.000	0.000	0.000	0.000	0.000	-0.154	0.000	0.059	-0.111	0.284	0.000	0.000	0.000	0.000	0.000	0.000	0.223	0.000	0.000	0.000	0.000	0.000	0.000	0.000	0.000	0.000	-0.123	0.000	0.000	0.082	-0.306	0.000	0.000	0.000	0.000
13q	-0.138	-0.149	-0.116	-0.308	-0.347	0.000	0.000	0.000	-0.159	-0.276	-0.112	-0.198	-0.104	-0.217	0.000	0.320	-0.160	0.000	-0.110	0.000	-0.368	0.000	-0.123	0.439	-0.174	-0.122	-0.273	-0.689	-0.407	0.000	-0.150	0.238	0.000	-0.215	-0.214	-0.194	0.205	-0.169	0.000	0.000	0.000	0.508	-0.177	0.000	-0.573	0.000	0.000	0.353	-0.133	0.000	0.000	0.858	0.199	0.000	0.584	0.000	0.000
14q	0.000	0.000	0.000	0.174	0.000	0.000	0.370	0.000	0.000	-0.107	0.000	0.000	0.000	0.000	-0.104	0.000	0.128	-0.209	0.000	0.000	0.000	-0.251	0.000	0.000	0.000	0.000	0.000	-0.595	-0.246	0.000	-0.100	-0.391	0.160	0.000	0.000	0.000	0.000	0.000	0.000	0.000	0.000	-0.212	0.000	0.000	-0.557	0.000	0.127	0.000	0.000	-0.139	0.000	-0.191	0.468	0.000	1.266	0.000	-0.219
15q	0.000	0.000	0.000	-0.257	0.000	0.000	0.000	0.000	0.000	0.000	0.000	0.000	0.000	-0.111	0.000	-0.713	0.104	0.422	0.000	0.000	0.000	0.000	0.000	0.000	0.000	0.000	0.000	0.000	-0.277	-0.221	0.000	0.000	0.000	0.000	0.720	0.000	0.000	0.000	-0.183	0.000	0.000	-0.136	0.000	0.000	0.000	0.000	0.000	0.577	0.000	0.000	0.000	0.581	0.598	0.000	-0.127	0.000	0.000
16p	-0.168	0.000	0.000	-0.230	0.000	0.000	-0.313	0.000	0.000	0.122	0.000	0.000	0.000	0.000	0.267	-0.613	0.000	-0.199	-0.619	-0.490	-0.575	0.000	0.000	0.000	0.000	0.451	0.000	1.462	-0.123	0.000	0.000	0.336	0.000	0.000	0.000	0.000	-0.262	0.000	0.145	0.000	0.000	0.271	0.000	-0.231	0.000	-0.142	0.000	0.175	0.000	0.000	0.000	0.360	-0.363	0.000	0.000	0.000	0.534
16q	-0.168	0.000	0.000	-0.230	0.000	0.000	-0.313	0.000	0.000	0.122	0.000	0.000	0.000	0.000	0.000	0.000	0.000	-0.199	-0.619	-0.490	-0.575	0.000	0.000	0.000	0.000	0.451	0.000	-0.716	-0.272	0.000	-0.101	0.336	0.000	0.000	0.000	0.000	-0.587	0.000	0.145	0.000	0.000	0.271	0.000	0.000	0.000	-0.142	0.000	0.000	0.000	0.000	0.000	-0.212	0.598	0.000	0.000	0.000	0.000
17p	-0.137	0.000	0.000	0.533	0.000	0.000	-0.236	0.000	0.000	-0.289	-0.496	0.000	0.000	0.000	-0.398	-0.667	0.000	0.000	0.000	0.000	0.000	-0.190	-0.120	0.000	0.000	0.000	0.000	-0.523	-0.085	0.000	0.311	0.264	0.000	0.000	-0.360	0.000	0.000	-0.210	-0.240	0.000	0.000	-0.228	0.000	-0.529	0.000	0.149	0.000	0.000	-0.397	0.000	-0.632	-0.238	0.000	0.000	0.521	0.000	0.164
17q	0.166	0.000	0.000	0.533	0.000	0.000	0.329	0.000	0.000	0.161	-0.496	0.000	0.000	0.000	0.000	0.653	0.000	0.000	0.000	0.000	0.000	-0.190	0.000	0.479	0.000	0.669	0.000	-0.241	0.123	0.000	0.311	0.264	0.000	0.000	0.000	0.000	0.000	-0.210	0.000	0.000	0.000	0.000	0.000	-0.529	0.000	0.000	0.000	0.000	0.000	0.000	0.000	0.000	0.231	0.000	1.041	0.000	0.286
18p	0.000	0.000	0.000	0.444	0.000	0.000	-0.205	0.000	0.000	-0.210	0.438	0.000	0.000	0.000	0.190	0.000	0.171	0.000	0.000	0.000	0.000	-0.280	0.294	0.000	0.000	0.000	0.000	0.800	0.000	0.000	0.183	0.000	0.000	0.000	0.000	0.000	0.000	-0.643	0.180	0.000	0.000	-0.144	0.000	0.000	0.000	0.000	0.000	0.000	0.000	0.000	0.000	0.112	0.000	0.114	0.678	0.000	0.000
18q	0.000	-0.354	0.000	-0.129	0.000	0.000	-0.205	0.000	0.000	-0.210	-0.498	0.000	0.000	0.000	-0.221	-0.711	-0.190	-0.224	0.000	0.000	-0.123	-0.280	-0.131	0.000	0.000	0.000	0.000	0.000	0.000	0.000	0.183	0.000	0.260	0.000	0.000	0.000	0.000	-0.643	0.180	0.000	0.000	-0.144	0.000	0.000	-0.608	0.000	0.000	0.000	-0.395	0.000	0.000	-0.223	-0.397	0.114	0.678	0.000	0.000
19p	0.000	0.000	0.000	0.258	0.000	0.000	-0.247	0.000	0.000	-0.184	0.000	0.000	0.000	0.000	0.000	0.000	0.000	0.000	0.000	0.000	0.000	0.000	-0.116	0.472	0.000	0.000	0.000	0.000	0.000	0.000	0.392	0.249	0.107	0.000	0.000	0.124	0.000	0.000	0.159	0.000	0.000	0.000	0.000	0.000	0.000	0.000	0.000	0.139	0.000	0.000	0.000	0.185	0.259	0.000	0.868	0.000	0.249
19q	0.000	0.291	0.000	0.258	0.000	0.000	1.055	0.000	0.000	0.000	0.000	0.000	0.000	0.000	0.000	0.000	0.000	0.000	0.000	0.000	0.000	0.000	0.000	0.472	0.000	0.000	0.000	0.000	0.573	0.000	0.392	0.249	0.107	0.000	0.000	0.124	0.000	0.000	0.271	0.000	0.000	0.000	0.000	0.000	0.000	0.000	0.000	0.139	0.000	0.000	0.000	0.185	0.259	0.000	0.868	0.000	0.249
20p	0.160	0.000	0.000	0.293	0.000	0.000	0.995	0.000	0.000	0.280	0.162	0.000	0.000	0.134	0.396	0.000	0.120	0.123	0.000	0.000	0.000	-0.211	0.104	0.591	0.000	0.375	0.000	0.648	-0.163	0.305	0.260	0.298	0.000	0.000	0.000	0.000	0.000	-0.578	0.693	0.273	0.000	0.447	0.000	0.000	0.000	0.000	0.000	0.000	0.138	0.000	0.743	-0.160	0.338	0.000	0.604	0.000	0.308
20q	0.160	0.000	0.000	0.147	0.000	0.000	0.995	0.000	0.000	0.280	0.162	0.000	0.000	0.134	0.000	0.000	0.120	0.123	0.000	0.000	0.000	-0.211	0.104	0.591	0.000	0.375	0.000	0.329	0.269	0.305	0.000	0.298	0.000	0.000	0.000	0.000	0.000	0.721	0.693	0.273	0.000	0.447	0.000	0.000	0.162	0.190	0.000	0.000	0.138	0.000	0.743	0.124	0.116	0.000	1.110	0.000	0.308
21q	0.000	0.000	0.000	0.348	0.000	0.000	0.371	0.000	0.000	0.193	0.000	0.000	0.000	-0.127	0.000	0.000	0.000	0.000	0.000	0.000	0.000	0.000	-0.157	0.513	0.000	0.000	0.700	0.000	0.296	0.142	0.460	0.198	0.000	0.000	0.226	0.000	0.538	-0.124	0.000	0.000	0.000	-0.104	0.000	0.521	0.000	0.000	0.000	0.000	0.000	0.000	0.000	0.417	-0.172	0.000	0.110	0.000	0.000
22q	0.105	0.000	0.000	0.000	0.000	0.000	0.156	0.000	0.000	0.131	0.000	0.000	0.000	0.000	-0.173	0.000	0.103	-0.190	0.108	0.000	0.000	0.372	0.000	0.000	0.000	0.000	0.000	0.000	0.214	-0.137	-0.119	-0.345	0.392	0.000	0.000	0.267	0.000	0.000	0.309	0.000	0.000	0.112	0.000	0.000	-0.425	0.120	0.000	0.000	0.000	0.000	0.000	-0.129	0.000	0.000	0.000	0.106	0.142
